1.386294361120172289e+04
1.142166335665013867e+04
1.025452009981756783e+04
9.516404499219062927e+03
9.024191609737399631e+03
8.691008552110595701e+03
8.456964221117521447e+03
8.282489302776330078e+03
8.143950843584271752e+03
8.028366429968637931e+03
7.928833863479683714e+03
7.841554509547678208e+03
7.764232460384512706e+03
7.695305884654516376e+03
7.633598227076088733e+03
7.578161294012672442e+03
7.528201355157959370e+03
7.483040539417260334e+03
7.442093713976897561e+03
7.404852816939838704e+03
7.370875308689801386e+03
7.339775186805824887e+03
7.311215725052544258e+03
7.284903416433555321e+03
7.260582766913859814e+03
7.238031722386115689e+03
7.217057577336579016e+03
7.197493282026667657e+03
7.179194100041469937e+03
7.162034595468077896e+03
7.145905929923701478e+03
7.130713466528625759e+03
7.116374666130659534e+03
7.102817258794328154e+03
7.089977673311976105e+03
7.077799701413835464e+03
7.066233370567970269e+03
7.055234002083680025e+03
7.044761427140121668e+03
7.034779339652603085e+03
7.025254762354758896e+03
7.016157607539879791e+03
7.007460316446629804e+03
6.999137561775644826e+03
6.991166001699651133e+03
6.983524075121888927e+03
6.976191829895355113e+03
6.969150776884479455e+03
6.962383765932128881e+03
6.955874876522972045e+03
6.949609322309852359e+03
6.943573366216477552e+03
6.937754243443889209e+03
6.932140091348455826e+03
6.926719884910029577e+03
6.921483376927447353e+03
6.916421042302604292e+03
6.911524025944268033e+03
6.906784093955539902e+03
6.902193587849766118e+03
6.897745381610512595e+03
6.893432841525519507e+03
6.889249788362893923e+03
6.885190462170300634e+03
6.881249490067270017e+03
6.877421854792866725e+03
6.873702867000311016e+03
6.870088138874935794e+03
6.866573559899320571e+03
6.863155274506730166e+03
6.859829661521304843e+03
6.856593315275829809e+03
6.853443028313176001e+03
6.850375775525945755e+03
6.847388699694437491e+03
6.844479098270583563e+03
6.841644411332933487e+03
6.838882210587504233e+03
6.836190189462873604e+03
6.833566153795118225e+03
6.831008014040899070e+03
6.828513777323407339e+03
6.826081540698175559e+03
6.823709485007557305e+03
6.821395869222441434e+03
6.819139025282814146e+03
6.816937353407127375e+03
6.814789317818386735e+03
6.812693442837499788e+03
6.810648309311681260e+03
6.808652551346258406e+03
6.806704853304642711e+03
6.804803947052546391e+03
6.802948609421630863e+03
6.801137659870085372e+03
6.799369958319744001e+03
6.797644403153840358e+03
6.795959929373286286e+03
6.794315506843187904e+03
6.792710138694880698e+03
6.791142859741310531e+03
