1.386294361120172289e+04
1.142166335665013867e+04
1.133249584302578842e+04
1.113203752996396724e+04
1.091803497691408847e+04
1.071191048569727354e+04
1.051904836038766007e+04
1.034043122282207696e+04
1.017564844785903551e+04
1.002382950295283445e+04
9.883971927393804435e+03
9.755066444268704799e+03
9.636146677173572243e+03
9.526308514719028608e+03
9.424716510657972321e+03
9.330604243042267626e+03
9.243272155912249218e+03
9.162083957122789798e+03
9.086462625110381850e+03
9.015886066221710280e+03
8.949882920116269815e+03
8.888028371751555824e+03
8.829940144322141350e+03
8.775274747117315201e+03
8.723723872721191583e+03
8.675011031547157472e+03
8.628888455147765853e+03
8.585134194737416692e+03
8.543549488563587147e+03
8.503956305391904607e+03
8.466195119112104294e+03
8.430122929244622355e+03
8.395611418357935690e+03
8.362545322781475988e+03
8.330820979750162223e+03
8.300345004063858141e+03
8.271033136415027911e+03
8.242809203616692685e+03
8.215604209155040735e+03
8.189355532276792474e+03
8.164006186927317685e+03
8.139504229289137584e+03
8.115802184329008014e+03
8.092856562354294510e+03
8.070627432471188513e+03
8.049078044267622317e+03
8.028174499067433317e+03
8.007885455580277267e+03
7.988181870102275752e+03
7.969036778177685846e+03
7.950425086010954146e+03
7.932323393697374740e+03
7.914709840494933815e+03
7.897563970164046623e+03
7.880866592647249490e+03
7.864599684056821388e+03
7.848746287558466975e+03
7.833290424073553368e+03
7.818217013923145714e+03
7.803511804312008280e+03
7.789161306138418695e+03
7.775152735556014704e+03
7.761473964616695412e+03
7.748113472512132830e+03
7.735060302061611765e+03
7.722304028625750107e+03
7.709834711887115191e+03
7.697642873219607281e+03
7.685719463105426257e+03
7.674055839255778665e+03
7.662643731411603767e+03
7.651475229554522230e+03
7.640542755450391269e+03
7.629839048238240139e+03
7.619357145693942584e+03
7.609090366983639797e+03
7.599032299935357514e+03
7.589176778272586489e+03
7.579517882692834064e+03
7.570049917880302928e+03
7.560767401934966074e+03
7.551665062665527330e+03
7.542737817454882133e+03
7.533980774380629555e+03
7.525389218038364561e+03
7.516958601994186211e+03
7.508684539047708313e+03
7.500562797129443425e+03
7.492589293417963745e+03
7.484760084927237585e+03
7.477071362139740813e+03
7.469519446028004495e+03
7.462100781097978142e+03
7.454811930137816489e+03
7.447649569751099989e+03
7.440610485855117076e+03
7.433691569067154887e+03
7.426889809631571552e+03
7.420202295959027651e+03
7.413626207140165207e+03
7.407158814627885477e+03
