1.386294361120172289e+04
1.167289722463378530e+04
1.062736123260828936e+04
9.943217457438020574e+03
9.457699140873673969e+03
9.106554737145934268e+03
8.848538013945120838e+03
8.654464476396899045e+03
8.503922397120326423e+03
8.383003143833730064e+03
8.282468363742362271e+03
8.196305824426463005e+03
8.120647350409391038e+03
8.052998978603909563e+03
7.991726457729786489e+03
7.935725389956012805e+03
7.884217240778297310e+03
7.836626055612530763e+03
7.792504894213389889e+03
7.751492070211396822e+03
7.713284891527329819e+03
7.677623826638039645e+03
7.644282245294320091e+03
7.613059839382975952e+03
7.583778092456456761e+03
7.556276910712769677e+03
7.530412066133158987e+03
7.506053164535052929e+03
7.483081983843918351e+03
7.461391086887023448e+03
7.440882646118157936e+03
7.421467436840326627e+03
7.403063967135931307e+03
7.385597720255873355e+03
7.369000490436332257e+03
7.353209796937484498e+03
7.338168364027095777e+03
7.323823656932460835e+03
7.310127465628521350e+03
7.297035529808875253e+03
7.284507199584846603e+03
7.272505127423744852e+03
7.260994987619641506e+03
7.249945220214560322e+03
7.239326796794685833e+03
7.229113005989487647e+03
7.219279256825311677e+03
7.209802898341720720e+03
7.200663054087493947e+03
7.191840470276786618e+03
7.183317376519630670e+03
7.175077358149021165e+03
7.167105239254563458e+03
7.159386975607297245e+03
7.151909556722029265e+03
7.144660916357547649e+03
7.137629850803310546e+03
7.130805944343134797e+03
7.124179501327598700e+03
7.117741484321675671e+03
7.111483457830285261e+03
7.105397537137313520e+03
7.099476341823588882e+03
7.093717083029456262e+03
7.088114661772593536e+03
7.082662871205517149e+03
7.077355854962666854e+03
7.072188079042498430e+03
7.067154306384294614e+03
7.062249573883211269e+03
7.057469171610668127e+03
7.052808624023925404e+03
7.048208692283596065e+03
7.043716085444488272e+03
7.039327073199267033e+03
7.035038103684336420e+03
7.030845791455903964e+03
7.026746906537194263e+03
7.022738364431493210e+03
7.018817217002882899e+03
7.014980644139553078e+03
7.011225946120782282e+03
7.007550536617924990e+03
7.003951936265554650e+03
7.000427766747844544e+03
6.996975745347370321e+03
6.993593679912419248e+03
6.990329029798803276e+03
6.987126651327045693e+03
6.983984760170858863e+03
6.980901639625633834e+03
6.977875637327757431e+03
6.974905162193985234e+03
6.971988681562160309e+03
6.969124718515498898e+03
6.966311849374081248e+03
6.963548701340131629e+03
6.960833950283242302e+03
6.958166318654508359e+03
6.955544573519007827e+03
6.952967524697258341e+03
