1.386294361120172289e+04
1.167289722463378530e+04
1.152195302575630376e+04
1.128667095079166938e+04
1.105654599881792819e+04
1.084325965212268966e+04
1.064794875846501782e+04
1.046954263347786218e+04
1.030652650489482403e+04
1.015738421994229429e+04
1.002071249213840019e+04
9.895243916643517878e+03
9.779842935130798651e+03
9.673495051454303393e+03
9.575294578177661606e+03
9.484433010099899548e+03
9.400188456639767537e+03
9.321916183934148648e+03
9.249040189686278609e+03
9.181045705033509876e+03
9.117472519990282308e+03
9.057909039430356643e+03
9.001986987820821014e+03
8.949376691023478998e+03
8.899782872087422220e+03
8.852940905289880902e+03
8.808613478939525521e+03
8.766587622894310698e+03
8.726672061503595614e+03
8.688694856878191786e+03
8.652501279940215682e+03
8.617952034228705088e+03
8.584921494782749505e+03
8.553296282031238661e+03
8.522973936824942939e+03
8.493861751852324232e+03
8.465875732509806767e+03
8.438939672972392145e+03
8.412984334690383548e+03
8.387946715935615430e+03
8.363769402248084589e+03
8.340399988736298837e+03
8.317790566177522123e+03
8.295897263743701842e+03
8.274679841978391778e+03
8.254101330354147649e+03
8.234127704376020120e+03
8.214727597759514538e+03
8.195872045719861489e+03
8.177534255853240211e+03
8.159689403495866827e+03
8.142314448800737409e+03
8.125387973085471458e+03
8.108890032289541523e+03
8.092802025625103852e+03
8.077106577726485739e+03
8.061787126027094928e+03
8.046828808140402543e+03
8.032217319371170561e+03
8.017939218893669022e+03
8.003981859486406393e+03
7.990333324171252571e+03
7.976982368970585412e+03
7.963918371109313739e+03
7.951131282073588409e+03
7.938611585009361079e+03
7.926350256002558126e+03
7.914338728838927636e+03
7.902568862884752889e+03
7.891032913771661697e+03
7.879723506603790156e+03
7.868633611436339379e+03
7.857756520803422973e+03
7.847085829095364716e+03
7.836615413608687959e+03
7.826339417109830720e+03
7.816252231771010884e+03
7.806355373497503933e+03
7.796635792948059134e+03
7.787082480442581073e+03
7.777697931213957418e+03
7.768477547950858934e+03
7.759416918328006432e+03
7.750511802709753283e+03
7.741758123569459713e+03
7.733151956090606291e+03
7.724689519693113652e+03
7.716367170321184858e+03
7.708181393374572508e+03
7.700128797194929575e+03
7.692206107034398883e+03
7.684410159451730578e+03
7.676737897087763486e+03
7.669186363784004243e+03
7.661752700009349610e+03
7.654434138570547475e+03
7.647228000579255422e+03
7.640131691656673866e+03
7.633142698356732581e+03
7.626258584791275098e+03
7.619476989441785008e+03
