0.000000000000000000e+00
-3.430699901246427874e-01
-3.629823367740818152e-01
-4.092794693822798813e-01
-4.615880724225106535e-01
-5.149262823228621944e-01
-5.677265917670478723e-01
-6.195201019795959496e-01
-6.702315624210894995e-01
-7.199059493720005865e-01
-7.685995219790133781e-01
-8.163481310856276485e-01
-8.631587779050714504e-01
-9.090295265292761551e-01
-9.539617035283252111e-01
-9.979701063063123323e-01
-1.041086996139769738e+00
-1.083360514743775704e+00
-1.124849447838424776e+00
-1.165616511452140180e+00
-1.205721959191517589e+00
-1.245218693772641716e+00
-1.284149459448096664e+00
-1.322546186832373571e+00
-1.360431172380762721e+00
-1.397819508899208696e+00
-1.434722063553689919e+00
-1.471148339484064538e+00
-1.507108730077825642e+00
-1.542615914065151861e+00
-1.577685367116015813e+00
-1.612335128029751319e+00
-1.646585039979156173e+00
-1.680455704399645089e+00
-1.713967362796024574e+00
-1.747138881822141609e+00
-1.779986971357389258e+00
-1.812525717327121422e+00
-1.844763894664273707e+00
-1.876713188876534266e+00
-1.908380265703439882e+00
-1.939770357091347153e+00
-1.970887929910755787e+00
-2.001737303767806786e+00
-2.032323141483376006e+00
-2.062650771113721859e+00
-2.092726331436510101e+00
-2.122556757737172894e+00
-2.152149639759397548e+00
-2.181512990280026543e+00
-2.210654963701514930e+00
