0.000000000000000000e+00
-2.631124214447892446e-06
-5.262248428895784891e-06
-7.893372643343674795e-06
-1.052449685779156301e-05
-1.315562107223944613e-05
-1.578674528668731910e-05
-1.841786950113518529e-05
-2.104899371558303453e-05
-2.368011793003086345e-05
-2.631124214447866865e-05
-2.894236635892643997e-05
-3.157349057337417741e-05
-3.420461478782188097e-05
-3.683573900226952354e-05
-3.946686321671710512e-05
-4.209798743116462572e-05
-4.472911164561206500e-05
-4.736023586005942297e-05
-4.999136007450669285e-05
-5.262248428895384753e-05
-5.525360850340088701e-05
-5.788473271784779774e-05
-6.051585693229455940e-05
-6.314698114674117198e-05
-6.577810536118760838e-05
-6.840922957563386859e-05
-7.104035379007992551e-05
-7.367147800452577915e-05
-7.630260221897138884e-05
-7.893372643341675459e-05
-8.156485064786186284e-05
-8.419597486230668648e-05
-8.682709907675122552e-05
-8.945822329119543931e-05
-9.208934750563930072e-05
-9.472047172008282332e-05
-9.735159593452596646e-05
-9.998272014896871656e-05
-1.026138443634110330e-04
-1.052449685778529157e-04
-1.078760927922943241e-04
-1.105072170067352447e-04
-1.131383412211756637e-04
-1.157694654356155272e-04
-1.184005896500548485e-04
-1.210317138644935735e-04
-1.236628380789316615e-04
-1.262939622933691261e-04
-1.289250865078059131e-04
-1.315562107222419954e-04
