0.000000000000000000e+00
-2.631124214447892446e-06
-2.960014741253879107e-06
-7.056362479941465954e-06
-1.122596943800112577e-05
-1.576056401453941984e-05
-2.069243475778444151e-05
-2.600852912961403133e-05
-3.168799215070414632e-05
-3.771025946951612752e-05
-4.405680255186806074e-05
-5.071129745579137856e-05
-5.765940184796885257e-05
-6.488846478411788312e-05
-7.238725827744422808e-05
-8.014575033861181294e-05
-8.815491870221461412e-05
-9.640659919880579197e-05
-1.048933622284940666e-04
-1.136084116387007603e-04
-1.225455013922087031e-04
-1.316988663922562762e-04
-1.410631646314974819e-04
-1.506334284582133047e-04
-1.604050232358093472e-04
-1.703736120415135836e-04
-1.805351253338351668e-04
-1.908857347366850260e-04
-2.014218302570417959e-04
-2.121400003846629894e-04
-2.230370146255383150e-04
-2.341098081022563123e-04
-2.453554679192170430e-04
-2.567712210424425811e-04
-2.683544234854706484e-04
-2.801025506266392913e-04
-2.920131885106404582e-04
-3.040840260098275766e-04
-3.163128477394016431e-04
-3.286975276360435002e-04
-3.412360231224259273e-04
-3.539263697908042730e-04
-3.667666765479350569e-04
-3.797551211712118569e-04
-3.928899462323873107e-04
-4.061694553507653473e-04
-4.195920097424552593e-04
-4.331560250363249804e-04
-4.468599683307622255e-04
-4.607023554683564726e-04
-4.746817485082137074e-04
