0.000000000000000000e+00
-3.430699901246427874e-01
-6.338640677387507028e-01
-8.725883989897468274e-01
-1.086047576871657094e+00
-1.280003846336845275e+00
-1.458518950598409969e+00
-1.626761228135793935e+00
-1.786266087621768417e+00
-1.937552872935980108e+00
-2.082268729516946859e+00
-2.221895152920375871e+00
-2.356809249424167252e+00
-2.487085549847085186e+00
-2.613265161499031208e+00
-2.736098131135265454e+00
-2.855995795989632047e+00
-2.972990761000131599e+00
-3.087116492560264991e+00
-3.198640974534180170e+00
-3.307941972008750398e+00
-3.415263474274756295e+00
-3.520651114405468629e+00
-3.624084384903048406e+00
-3.725633908648079640e+00
-3.825484121835979856e+00
-3.923834660330695279e+00
-4.020799421056285183e+00
-4.116390870261230184e+00
-4.210590700646887896e+00
-4.303430107937441740e+00
-4.395008487017772580e+00
-4.485450255268023767e+00
-4.574846617036486762e+00
-4.663227541549856525e+00
-4.750581471032064407e+00
-4.836902252452070172e+00
-4.922222727001239306e+00
-5.006612642683110792e+00
-5.090150173352336438e+00
-5.172890488775536255e+00
-5.254851571768855756e+00
-5.336025228603974213e+00
-5.416403779262912721e+00
-5.496001998133984934e+00
-5.574860443811101796e+00
-5.653031860995405111e+00
-5.730561627575220918e+00
-5.807473747605613745e+00
-5.883769878805628295e+00
-5.959441409644920640e+00
